# alpha beta0 gamma log10_P0
5.258083516115522604e-01 3.541466917445950990e+00 -6.431515875194683263e-01 2.176842230701003800e-01
9.792465812168987815e-01 5.160585063560717778e+00 -5.165668382119421587e-01 5.028459422311373217e-01
1.042975090938595528e+00 4.861190737490506564e+00 -5.742247881453955705e-01 1.874343520356844817e+00
1.062849079039354550e+00 4.492253721281500134e+00 -3.826604851929640283e-01 -1.591271639097112889e+00
1.335563321703873374e+00 5.278468385853500422e+00 -2.109657870319554540e-01 1.499786739228094135e+00
1.405935298079317164e+00 3.399491376764883110e+00 -6.798241881463694680e-01 -7.485798758823103416e-01
8.377729320234099664e-01 4.963328671011552728e+00 -2.328003260223622251e-01 -9.134017205051914168e-01
6.187656840634596644e-01 4.423606825122180730e+00 -4.444685729354469483e-01 1.297039688562105386e+00
1.441393397134894894e+00 4.887108967055163511e+00 -3.168173348676548429e-01 9.379369165093032201e-01
7.229606279573161931e-01 4.092583081770577280e+00 -1.653614560943053036e-01 -1.477434047829840225e+00
1.136502784649021436e+00 4.828015723294612371e+00 -5.522015906120135709e-01 1.660042674757744585e-01
1.341341921588838471e+00 5.284685655420076955e+00 -2.983248702741810865e-01 1.347735006742323272e-01
1.118540035968200286e+00 3.860645940393376385e+00 -6.319944921485076694e-02 -4.002355926320322332e-01
1.189704604979982872e+00 5.912043579441791152e+00 -7.823099227175811521e-02 -2.969833289927030773e-01
1.312328673795693401e+00 4.522350211297130329e+00 -4.528387819887659815e-01 1.740335037646848715e+00
1.014652776305676074e+00 4.452693691052564517e+00 -6.233914166388871969e-01 -1.352479963437312804e+00
1.302922253439995348e+00 4.234714094384208316e+00 -1.733552429644724668e-01 6.142735968619961184e-01
1.283753457323456360e+00 5.581518782658423383e+00 -1.232875080369171261e-01 1.090927083400811792e+00
7.971727754138546729e-01 3.186385452339231872e+00 -2.363498164501344201e-01 8.069957154552964695e-01
1.473651249937866670e+00 5.888114003646554906e+00 -5.333421929140477191e-01 7.269152573085948532e-01
6.866854916773809103e-01 3.062246715325438462e+00 -7.868841223079962033e-01 -1.653343133437046530e+00
1.027818303414929080e+00 4.269838851341384967e+00 -6.663341561035787119e-01 1.409219928631955554e+00
1.386709825767731274e+00 4.979974925397518959e+00 -7.409138726162790567e-01 -5.182822520024874535e-01
1.032430749795407721e+00 5.222855490573683923e+00 -5.918090725348872372e-01 -1.092169042979804328e+00
1.001105499115572783e+00 5.973896401936412914e+00 -8.070803541272308923e-02 1.777219274734415766e+00
6.367313544743391507e-01 4.351207028788541820e+00 -9.359521976875717630e-02 -1.391013644075127065e+00
1.173769992768273651e+00 5.094794635460184296e+00 -5.386961690128627689e-01 3.592882700209547586e-01
6.272288723027720225e-01 3.026337542482947729e+00 -7.007346577390016762e-01 -1.238475627673447210e+00
1.457552347006794813e+00 4.594098730345394621e+00 -7.650606366976354655e-01 -1.963411657090956108e+00
1.229931843761318255e+00 5.502732889057178056e+00 -3.345925582386506392e-01 -1.284073882902478259e+00
1.111327216248698235e+00 5.624403681562684554e+00 -6.145066659268394460e-01 1.282694163130540410e+00
8.116670866091049152e-01 5.652144220338131575e+00 -5.259791672739967394e-01 1.387375225956286595e+00
5.631727762582195984e-01 3.729896530267734711e+00 -3.090235578112213721e-01 -5.896038437880575245e-01
6.713515108823968625e-01 4.335675124691164228e+00 -1.435454929488885201e-01 1.967270276127049744e+00
1.292331526294068444e+00 5.796424717513370517e+00 -2.166964113635018174e-01 1.229352640002482122e+00
9.121067333532947297e-01 5.052223032135491287e+00 -4.336269587298499650e-01 -8.982952976760343322e-01
7.922120847915443687e-01 5.345592584085794741e+00 -1.959894139840553384e-01 -1.216661516879089078e+00
9.924887083175595315e-01 5.159481310082871808e+00 -2.649577515451662091e-01 4.673228553011274933e-01
1.378878007288011132e+00 3.826703132555062670e+00 -1.106514544468126804e-01 -1.445511682977274059e+00
5.217501297292879148e-01 3.800173856767394387e+00 -2.223619676857213623e-01 -1.685967197413649199e-01
7.791380724323528906e-01 3.602015715716697208e+00 -2.853812839453693240e-01 1.550802798202362442e+00
1.055561180244868336e+00 4.695097865187301878e+00 -2.769787384587945045e-01 -1.001864047106057587e+00
1.497462888857418406e+00 3.937130414518326127e+00 -4.477455070288407502e-01 1.567518171864584975e+00
9.059522792754591825e-01 4.609534954318824873e+00 -4.049876469054921602e-01 -7.534371398205543802e-01
6.805192235199757356e-01 4.464182986462660097e+00 -4.813500635975295205e-01 -1.319955456622622370e+00
1.356873660072971832e+00 3.146557280647251265e+00 -5.811131501623187923e-01 1.349890270341414844e+00
8.778239005431121011e-01 5.024120129683973701e+00 -3.462419463732423486e-01 6.849770666220313942e-01
1.102025683109207677e+00 3.521700947617851352e+00 -7.996208789032027697e-01 -1.399711058400181951e+00
6.670179365407080674e-01 5.452053295869002447e+00 -6.449197058997470089e-01 7.142634141389523350e-01
1.319204937667833200e+00 4.563010511019900406e+00 -3.991786079942875043e-01 1.830069642467196722e+00
8.217807612940706274e-01 5.232676165774536869e+00 -7.610044471172141556e-01 -9.486047200816398739e-01
6.998885096983343823e-01 5.946488255280027779e+00 -7.107909333067191637e-01 -6.968507755561148542e-02
1.187025339962971771e+00 4.211848081641104358e+00 -3.721655746138573528e-01 2.854042685049313910e-01
1.290401794786719458e+00 4.372701011371625590e+00 -2.282924427776948928e-01 1.592352511874702614e+00
1.426951537987541485e+00 3.117029908712391606e+00 -4.695653753060390900e-01 -1.532722502202398029e+00
5.695924104657524856e-01 5.820273982911563060e+00 -7.739771852765815474e-01 -3.665799442255031071e-01
1.465708430184943456e+00 3.433804597696511252e+00 -3.201491569483175814e-01 3.822336626455418163e-01
1.326928199106551354e+00 3.909458462309982174e+00 -5.068420375823835533e-01 3.225883417818780075e-01
7.002701447028545356e-01 3.321694978722375069e+00 -3.615981393296012758e-01 -6.177395492996149429e-01
1.168260947187557797e+00 4.637165677217947923e+00 -5.001070207038620374e-01 -1.154926078965035074e-01
8.853645710809381342e-01 4.804876389880195831e+00 -6.033958444517986131e-01 1.183015373100830381e+00
5.911518734343998993e-01 3.219174265109375543e+00 -3.776186429440323566e-01 -1.757202290216757667e+00
9.290065276527426086e-01 5.389778829927036163e+00 -3.419115861534798295e-01 -2.037597002160744797e-01
1.432368824943389685e+00 4.674051850489167492e+00 -1.354199741779854582e-01 1.912127543032209775e+00
1.205467449892608567e+00 3.645473326083501053e+00 -4.823993531417311020e-01 -3.021877240206638504e-03
1.010830614046458464e+00 4.156208059429047807e+00 -2.438620080435445203e-01 -1.780603901855076554e+00
1.260632236220100344e+00 4.748027238654353610e+00 -6.970832049402775343e-02 9.070843713538541131e-01
8.750760794906771167e-01 3.575492447607925506e+00 -7.343323724549856157e-01 5.864114729300529127e-01
1.147572944538982620e+00 5.433812548413336607e+00 -6.600842871607970341e-01 8.354038253813751425e-01
1.369456071224383509e+00 4.139891370311466368e+00 -2.712500296534077204e-01 6.287637879416894116e-01
9.636521995038976884e-01 5.491644038169683384e+00 -6.874204692266263628e-01 -5.359804024266305866e-01
1.199430138786057753e+00 3.782009701783123568e+00 -7.222955247195655959e-01 -3.799556524307063921e-01
7.118099764102588933e-01 3.669559874330310834e+00 -2.050007513227314337e-01 -1.105662779726883205e+00
5.326012650478555432e-01 5.997621284602082881e+00 -5.470614497095865891e-01 5.311150993943161147e-01
1.212163434555307173e+00 5.836751378873433538e+00 -7.506768652446280665e-01 9.874405351681425635e-01
6.057680291633749103e-01 3.308770746998084267e+00 -4.912164082156858513e-01 -1.152455131846093384e+00
7.251394228470195991e-01 3.348892815225755548e+00 -8.831053697660218305e-02 -1.924466024679587495e+00
6.338682934599932928e-01 5.780645558137105233e+00 -7.908672636441425041e-01 7.706595402049636334e-01
8.501394404757689482e-01 3.015179716557236933e+00 -1.061983546989575533e-01 1.637520141938798801e+00
1.072964287362184521e+00 4.927542159709057401e+00 -6.517812588474277691e-01 -2.703634536548908951e-01
5.726692158436945679e-01 3.468458149720798023e+00 -4.359701672300281827e-01 -8.011339132745602942e-01
1.221211516089810933e+00 3.272337903826557426e+00 -6.368263509676825862e-01 -3.210471128341036984e-01
1.390936658965859163e+00 5.705084265259620757e+00 -1.864093589738617940e-01 1.481523053019976999e+00
5.424416149694519795e-01 5.115342742360178718e+00 -7.047926170238092425e-01 1.116339848302658755e+00
1.131239234014160377e+00 5.358582824921485965e+00 -1.285069593129412047e-01 1.234049925673579740e+00
1.418900736559697506e+00 3.192986874098182160e+00 -5.888053050565106306e-01 -2.269978241429233545e-01
1.085739007162963565e+00 3.748917243864406057e+00 -4.996761623769039873e-01 1.031891732677145956e+00
5.032793928371335213e-01 3.885718819258454637e+00 -3.896969942001448084e-01 -1.557481321730969093e+00
1.159480395108220430e+00 4.186261667663187858e+00 -1.907959109178873902e-01 2.552757831835803515e-01
1.477888612879947328e+00 5.596818126803710491e+00 -2.569529192934526529e-01 -1.859186990128723682e+00
7.485501101144791392e-01 4.293126393875972724e+00 -5.667026213954007297e-01 -6.908066883811445624e-01
9.347370937196757268e-01 4.405953400781030815e+00 -4.146459284968511128e-01 8.585205947741250121e-01
9.853308979333741391e-01 4.034439202863323359e+00 -3.305751928824239849e-01 1.033428818908741498e-01
7.370864638578236150e-01 5.872453440475097430e+00 -7.769456698917500681e-01 -1.684729067921350243e+00
9.405109802929940699e-01 5.533490303107230446e+00 -4.242999189366645219e-01 -1.639349942677676086e+00
1.247576055477976897e+00 5.185532640315877018e+00 -6.846818089634564286e-01 -8.633398260519853373e-01
8.329891242121534312e-01 3.912320842921816144e+00 -3.063065614160218608e-01 1.137561770879877088e+00
8.590521713822636407e-01 3.675587191699420941e+00 -4.198224433039472459e-01 -8.390149370672350670e-02
7.432939360002461804e-01 5.407533687237469522e+00 -5.960738161153316117e-01 -1.886538174778935817e+00
1.237396803910429277e+00 4.000911383391741794e+00 -1.487512884907913335e-01 1.761845947933827539e+00
6.575845808684600557e-01 4.705957394507626290e+00 -6.306877642125892081e-01 -1.011538829151875429e+00
1.396023722737299355e+00 4.538899199416613683e+00 -1.537034506271842682e-01 -1.194780690549150037e+00
1.355148643745029080e+00 3.360021486468618424e+00 -7.319941084166392553e-01 -8.368040004978816171e-01
7.632764741841269185e-01 3.410471198426480832e+00 -7.521739970192268254e-01 -4.397064978573166361e-01
1.274855824998666787e+00 4.997357569423386714e+00 -4.591892253632774423e-01 1.885957673181160033e-02
1.078749847685380292e+00 3.263132094948127282e+00 -2.900325790047723062e-01 2.063469466555392096e-01
1.095152598578818193e+00 3.484764436539374177e+00 -6.094313169237643990e-01 1.972818917026461616e+00
6.515421444787738992e-01 4.108776867512599296e+00 -6.156677258103371297e-02 -1.512707468771340213e+00
7.824150337281708945e-01 5.739888474752270930e+00 -5.024090779728240808e-02 1.705542972456990380e+00
5.150006105655549060e-01 5.555891256235367948e+00 -5.584711287699730686e-01 1.435839620973555331e+00
1.045190951201904639e+00 3.596274888181413942e+00 -1.804077265516110806e-01 -1.814177327707804821e+00
1.153833929989457552e+00 5.310962287265248882e+00 -3.678812287093922162e-01 4.444306046087334039e-01
8.675639974800696264e-01 4.905208584721739484e+00 -5.602541033094809997e-01 -6.522926627637382069e-01
7.663233737191950112e-01 5.683844931685859692e+00 -3.505503260349451811e-01 -2.187306332417038313e-02
8.121597825635664680e-01 4.788994544580996049e+00 -7.207044856900485241e-01 -1.732365066947448851e+00
1.487420694800330789e+00 4.316516873888039285e+00 -6.736761467213485677e-01 1.862357035759528934e+00
9.673758622735396662e-01 4.759205377329863040e+00 -2.518953989314719477e-01 -6.860990211102566683e-01
1.258812488080639724e+00 3.707799534277273601e+00 -6.944242063444445723e-01 6.482660065655654336e-02
9.550462597904181283e-01 4.028781729363053898e+00 -1.596684532746875940e-01 1.670249452679653412e+00
6.005767742905492312e-01 5.073336298871121031e+00 -1.018077747045096348e-01 -1.981177948690738155e+00
5.527297351245704649e-01 3.138776915359272834e+00 -2.815298374904541268e-01 9.658546908378484730e-01
8.997115213257811384e-01 3.973958398940235170e+00 -1.188447960505411016e-01 4.247810282174651064e-01
9.194203365350230861e-01 4.066421474389633417e+00 -5.222120130866623189e-01 -4.847343514304387480e-01
1.446780535547831814e+00 5.728410860356222933e+00 -4.747245933319157452e-01 -1.057572620275189834e+00
5.845486544385608552e-01 3.080975700457414757e+00 -3.941639440067015721e-01 1.055592344172583630e+00
